MEMORY
  total            14.6 MB
  struct          159.0 KB
  buffer          422.3 KB
  arena            14.0 MB, used 0.4%

SIZES
  narena                14680064
  nbuffer               432416
  nplugin               0
  maxuse_stack          10760
  maxuse_arena          55372
  maxuse_con            13
  maxuse_efc            67
  solver_nisland        1
  ncon                  7
  ne                    0
  nf                    12
  nl                    11
  nefc                  39
  nJ                    702
  nisland               0
  threadpool            0

TIMER
    0:  duration =  1          number = 5
    1:  duration =  1          number = 5
    2:  duration =  0          number = 0
    3:  duration =  0.67       number = 5
    4:  duration =  0.032      number = 5
    5:  duration =  0.0081     number = 5
    6:  duration =  0.25       number = 5
    7:  duration =  0.016      number = 5
    8:  duration =  0.058      number = 5
    9:  duration =  0.022      number = 5
    10:  duration =  0.52       number = 5
    11:  duration =  0.071      number = 5
    12:  duration =  0.0007     number = 5
    13:  duration =  0.073      number = 5
    14:  duration =  0.27       number = 5

SOLVER STAT
  solver_nisland = 1
  solver_fwdinv =   0         0       
  ISLAND 0
    solver_niter = 1
    solver_nnz = 324
      0:  improvement =  0.0023      gradient =  4.7e-16     lineslope =  0       
          nactive = 39   nchange = 0   neval = 2   nupdate = 0

ENERGY =   0         0       

TIME =  33      

QPOS
  -0.2     
   0.017   
   0.16    
   0.99    
  -0.066   
   0.06    
   0.066   
  -1.1     
  -1.6     
  -2.8     
   1.1     
   1.5     
  -0.78    
  -1.1     
  -0.53    
  -2.8     
   1.1     
   4.5     
  -2.8     

QVEL
   0.00025 
  -0.00032 
   0.00041 
  -0.0021  
   0.00071 
   0.0011  
   0.0003  
  -0.00068 
   6.2e-06 
  -0.00074 
  -0.0065  
   0.0065  
   0.0049  
   0.00049 
   0.00036 
  -0.0039  
  -0.0088  
  -4.2e-05 

QACC_WARMSTART
   0.0077  
  -0.012   
   0.01    
   0.043   
   0.032   
   0.02    
   0.0026  
  -0.0091  
  -0.0014  
  -0.02    
  -0.076   
   0.083   
   0.048   
   0.0048  
   0.0056  
  -0.0023  
   0.075   
   0.0082  

CTRL
   6e+02   
   6.1e+02 
   6.1e+02 
  -5.3e+02 
  -5.7e+02 
  -5.9e+02 
   6e+02   
   5.4e+02 
  -5.9e+02 
  -6e+02   
  -5.9e+02 
  -5.9e+02 

QFRC_APPLIED
   0       
   0       
   0       
   0       
   0       
   0       
   0       
   0       
   0       
   0       
   0       
   0       
   0       
   0       
   0       
   0       
   0       
   0       

XFRC_APPLIED
   0         0         0         0         0         0       
   0         0         0         0         0         0       
   0         0         0         0         0         0       
   0         0         0         0         0         0       
   0         0         0         0         0         0       
   0         0         0         0         0         0       
   0         0         0         0         0         0       
   0         0         0         0         0         0       
   0         0         0         0         0         0       
   0         0         0         0         0         0       
   0         0         0         0         0         0       
   0         0         0         0         0         0       
   0         0         0         0         0         0       
   0         0         0         0         0         0       
   0         0         0         0         0         0       
   0         0         0         0         0         0       
   0         0         0         0         0         0       
   0         0         0         0         0         0       

QACC
   0.0077  
  -0.012   
   0.01    
   0.043   
   0.032   
   0.02    
   0.0026  
  -0.0091  
  -0.0014  
  -0.02    
  -0.076   
   0.083   
   0.048   
   0.0048  
   0.0056  
  -0.0023  
   0.075   
   0.0082  

SENSOR
   1.1     
   1.5     
  -0.78    
  -1.1     
  -1.6     
  -2.8     
   1.1     
   4.5     
  -2.8     
  -1.1     
  -0.53    
  -2.8     
  -0.00065 
  -0.0061  
   0.0061  
   0.00029 
  -0.00063 
   1.3e-05 
  -0.0039  
  -0.0092  
  -8.2e-05 
   0.0046  
   0.00046 
   0.00033 
   24      
   24      
   45      
  -24      
  -24      
  -45      
   24      
   24      
  -45      
  -24      
  -24      
  -45      
   0.99    
  -0.066   
   0.06    
   0.066   
  -0.0023  
   0.00055 
   0.001   
  -1.3     
  -1.2     
   9.7     
  -0.22    
   0.02    
   0.21    
   0.00023 
  -0.00018 
   0.00036 

XPOS
   0         0         0       
  -0.2       0.017     0.16    
  -0.017     0.087     0.13    
  -0.033     0.12      0.045   
   0.18      0.15      0.018   
  -0.027     0.19      0.07    
  -0.0041   -0.0042    0.14    
  -0.007    -0.061     0.067   
  -0.22     -0.083     0.091   
  -0.39      0.021     0.02    
  -0.4       0.039     0.18    
  -0.41      0.073     0.094   
  -0.29     -0.085     0.013   
  -0.35      0.1       0.095   
  -0.38     -0.052     0.19    
  -0.39     -0.11      0.12    
  -0.17     -0.11      0.11    
  -0.37     -0.17      0.16    

XQUAT
   1         0         0         0       
   0.99     -0.066     0.06      0.066   
   0.82     -0.56      0.018     0.088   
   0.59     -0.33     -0.57      0.46    
  -0.46      0.4      -0.68      0.4     
  -0.46      0.4      -0.68      0.4     
   0.89      0.45      0.086     0.027   
   0.58      0.3       0.68      0.33    
   0.79      0.41      0.41      0.19    
   0.79      0.41      0.41      0.19    
   0.82     -0.56      0.018     0.088   
   0.8      -0.52     -0.2       0.23    
  -0.06      0.14     -0.82      0.55    
  -0.06      0.14     -0.82      0.55    
   0.89      0.45      0.086     0.027   
  -0.64     -0.31      0.62      0.32    
   0.5       0.26      0.74      0.36    
   0.5       0.26      0.74      0.36    

XMAT
   1         0         0         0         1         0         0         0         1       
   0.98     -0.14      0.11      0.12      0.98      0.14     -0.13     -0.12      0.98    
   0.98     -0.17     -0.068     0.12      0.36      0.93     -0.13     -0.92      0.37    
  -0.083    -0.17     -0.98      0.92      0.36     -0.14      0.38     -0.92      0.12    
  -0.26     -0.17      0.95     -0.92      0.36     -0.18     -0.31     -0.92     -0.24    
  -0.26     -0.17      0.95     -0.92      0.36     -0.18     -0.31     -0.92     -0.24    
   0.98      0.03      0.18      0.12      0.6      -0.79     -0.13      0.8       0.58    
  -0.15      0.03      0.99      0.8       0.6       0.1      -0.59      0.8      -0.11    
   0.59      0.03      0.81      0.64      0.6      -0.49     -0.5       0.8       0.33    
   0.59      0.03      0.81      0.64      0.6      -0.49     -0.5       0.8       0.33    
   0.98     -0.16     -0.07      0.12      0.35      0.93     -0.13     -0.92      0.36    
   0.81     -0.16     -0.56      0.58      0.35      0.74      0.074    -0.92      0.38    
  -0.95     -0.16      0.25     -0.3       0.35     -0.89      0.057    -0.92     -0.38    
  -0.95     -0.16      0.25     -0.3       0.35     -0.89      0.057    -0.92     -0.38    
   0.98      0.028     0.18      0.12      0.6      -0.79     -0.13      0.8       0.59    
   0.014     0.028    -1        -0.8       0.6       0.0063    0.6       0.8       0.031   
  -0.35      0.028     0.94      0.75      0.6       0.26     -0.56      0.8      -0.23    
  -0.35      0.028     0.94      0.75      0.6       0.26     -0.56      0.8      -0.23    

XIPOS
   0         0         0       
  -0.18      0.019     0.15    
  -0.023     0.087     0.13    
   0.0032    0.11      0.06    
   0.04      0.17      0.051   
  -0.23      0.23      0.12    
  -0.0095   -0.006     0.14    
  -0.038    -0.054     0.091   
  -0.33     -0.0097    0.041   
  -0.56      0.12     -0.05    
  -0.39      0.04      0.18    
  -0.39      0.038     0.1     
  -0.34      0.039     0.068   
  -0.4       0.29      0.18    
  -0.38     -0.053     0.19    
  -0.35     -0.094     0.13    
  -0.31     -0.14      0.14    
  -0.57     -0.22      0.21    

XIMAT
   1         0         0         0         1         0         0         0         1       
   0.13      0.14      0.98      0.14     -0.98      0.12      0.98      0.12     -0.15    
  -0.17     -0.059     0.98      0.35      0.93      0.12     -0.92      0.37     -0.14    
  -0.31     -0.1      -0.95      0.67     -0.73     -0.14     -0.68     -0.68      0.29    
  -0.16      0.25      0.96      0.35      0.92     -0.18     -0.92      0.3      -0.23    
  -0.26     -0.17      0.95     -0.92      0.36     -0.18     -0.31     -0.92     -0.24    
   0.038     0.19      0.98      0.59     -0.8       0.13      0.8       0.58     -0.14    
  -0.04      0.24      0.97      0.22     -0.94      0.25      0.97      0.22     -0.015   
   0.017    -0.59      0.81      0.59     -0.64     -0.48      0.8       0.49      0.34    
   0.59      0.03      0.81      0.64      0.6      -0.49     -0.5       0.8       0.33    
  -0.16     -0.08      0.98      0.35      0.93      0.13     -0.93      0.36     -0.12    
   0.096    -0.87     -0.48      0.64     -0.31      0.7      -0.76     -0.37      0.53    
  -0.17      0.95      0.26      0.34      0.3      -0.89     -0.92     -0.065    -0.37    
  -0.95     -0.16      0.25     -0.3       0.35     -0.89      0.057    -0.92     -0.38    
   0.022     0.17      0.99      0.6      -0.79      0.12      0.8       0.59     -0.12    
   0.15     -0.14     -0.98      0.86      0.51      0.056     0.49     -0.85      0.2     
   0.024     0.35      0.94      0.59     -0.76      0.27      0.81      0.55     -0.22    
  -0.35      0.028     0.94      0.75      0.6       0.26     -0.56      0.8      -0.23    

XANCHOR
  -0.2       0.017     0.16    
  -0.017     0.087     0.13    
  -0.033     0.12      0.045   
   0.18      0.15      0.018   
  -0.0041   -0.0042    0.14    
  -0.007    -0.061     0.067   
  -0.22     -0.083     0.091   
  -0.4       0.039     0.18    
  -0.41      0.073     0.094   
  -0.29     -0.085     0.013   
  -0.38     -0.052     0.19    
  -0.39     -0.11      0.12    
  -0.17     -0.11      0.11    

XAXIS
   0         0         1       
   0.98      0.12     -0.13    
  -0.17      0.36     -0.92    
  -0.17      0.36     -0.92    
   0.98      0.12     -0.13    
   0.03      0.6       0.8     
   0.03      0.6       0.8     
   0.98      0.12     -0.13    
  -0.16      0.35     -0.92    
  -0.16      0.35     -0.92    
   0.98      0.12     -0.13    
   0.028     0.6       0.8     
   0.028     0.6       0.8     

GEOM_XPOS
   0         0         0       
   1.2       0         0.04    
   1.6       0         0.04    
   2.3       0         0.02    
   2.6       0         0.02    
   2.8       0         0.02    
   3         0         0.02    
   3.2       0         0.02    
   3.4       0         0.02    
   0.08      0.045     0.064   
   0.08      0.045     0.067   
   0.12      0.062     0.15    
  -0.14      0.037     0.19    
  -0.12      0.026     0.15    
  -0.2       0.017     0.16    
   0.081     0.054     0.14    
   0.081     0.045     0.066   
  -0.035     0.083     0.14    
  -0.035     0.089     0.13    
  -0.03      0.12      0.059   
   0.011     0.12      0.053   
  -0.039     0.11      0.064   
   0.072     0.14      0.031   
   0.054     0.17      0.047   
  -0.03      0.2       0.073   
   0.12      0.15      0.03    
   0.03      0.16      0.048   
  -0.03      0.2       0.073   
  -0.026     0.19      0.071   
  -0.022    -0.0042    0.15    
  -0.02     -0.012     0.14    
  -0.0065   -0.052     0.08    
  -0.047    -0.059     0.088   
   0.0045   -0.051     0.086   
  -0.11     -0.072     0.079   
  -0.32     -0.016     0.045   
  -0.4       0.02      0.021   
  -0.26     -0.047     0.066   
  -0.33      0.0019    0.032   
  -0.4       0.02      0.021   
  -0.39      0.02      0.021   
  -0.38      0.04      0.18    
  -0.38      0.045     0.17    
  -0.41      0.067     0.11    
  -0.39      0.033     0.093   
  -0.42      0.069     0.12    
  -0.35     -0.006     0.054   
  -0.33      0.026     0.062   
  -0.34      0.11      0.096   
  -0.32     -0.034     0.037   
  -0.35      0.041     0.071   
  -0.34      0.11      0.096   
  -0.35      0.11      0.094   
  -0.37     -0.047     0.19    
  -0.37     -0.056     0.18    
  -0.39     -0.1       0.13    
  -0.35     -0.097     0.13    
  -0.4      -0.092     0.13    
  -0.28     -0.11      0.11    
  -0.3      -0.14      0.14    
  -0.38     -0.17      0.16    
  -0.23     -0.12      0.12    
  -0.32     -0.14      0.13    
  -0.38     -0.17      0.16    
  -0.37     -0.17      0.16    

GEOM_XMAT
   1         0         0         0         1         0         0         0         1       
   1         0         0         0         1         0         0         0         1       
   1         0         0         0         1         0         0         0         1       
   1         0         0         0         1         0         0         0         1       
   1         0         0         0         1         0         0         0         1       
   1         0         0         0         1         0         0         0         1       
   1         0         0         0         1         0         0         0         1       
   1         0         0         0         1         0         0         0         1       
   1         0         0         0         1         0         0         0         1       
  -0.15     -0.98      0.14      0.1      -0.16     -0.98      0.98     -0.13      0.12    
  -0.15     -0.98      0.14      0.1      -0.16     -0.98      0.98     -0.13      0.12    
   0.99     -0.14      0.064     0.13      0.98      0.13     -0.082    -0.12      0.99    
   0.096     0.16      0.98      0.15     -0.98      0.14      0.98      0.13     -0.12    
   0.066     0.14      0.99      0.12     -0.98      0.13      0.99      0.11     -0.081   
   0.98     -0.14      0.11      0.12      0.98      0.14     -0.13     -0.12      0.98    
   0.98     -0.14      0.11      0.12      0.98      0.14     -0.13     -0.12      0.98    
   0.98     -0.14      0.11      0.12      0.98      0.14     -0.13     -0.12      0.98    
  -0.11     -0.065     0.99      0.36      0.93      0.1      -0.92      0.37     -0.081   
  -0.51     -0.067     0.86      0.29      0.93      0.24     -0.81      0.37     -0.45    
   0.98     -0.068     0.17      0.12      0.93     -0.36     -0.13      0.37      0.92    
  -0.3      -0.011    -0.95      0.44     -0.89     -0.13     -0.85     -0.46      0.27    
  -0.54      0.71      0.44     -0.66     -0.69      0.3       0.52     -0.13      0.85    
   0.98     -0.17     -0.083     0.14      0.36      0.92     -0.12     -0.92      0.38    
  -0.16      0.22      0.96      0.37      0.92     -0.15     -0.91      0.34     -0.23    
   0.67      0.17     -0.72     -0.64     -0.36     -0.68     -0.37      0.92     -0.13    
  -0.051    -0.17      0.98     -0.93      0.36      0.012    -0.36     -0.92     -0.17    
  -0.3      -0.17      0.94     -0.91      0.36     -0.23     -0.3      -0.92     -0.26    
   0.67      0.17     -0.72     -0.64     -0.36     -0.68     -0.37      0.92     -0.13    
  -0.26     -0.17      0.95     -0.92      0.36     -0.18     -0.31     -0.92     -0.24    
   0.022    -0.17      0.98     -0.59      0.79      0.15     -0.81     -0.58     -0.084   
  -0.38     -0.17      0.91     -0.6       0.79     -0.1      -0.7      -0.58     -0.41    
   0.98      0.18     -0.03      0.12     -0.79     -0.6      -0.13      0.58     -0.8     
  -0.08      0.22      0.97      0.48     -0.85      0.23      0.87      0.49     -0.039   
   0.75     -0.5       0.43      0.15     -0.51     -0.85      0.64      0.7      -0.31    
  -0.99      0.03     -0.15     -0.1       0.6       0.8       0.11      0.8      -0.59    
   0.038    -0.62      0.78      0.61     -0.61     -0.51      0.79      0.5       0.35    
   1        -0.03      0.068    -0.072    -0.6       0.8       0.017    -0.8      -0.6     
   0.74      0.03      0.67      0.53      0.6      -0.6      -0.42      0.8       0.42    
   0.55      0.03      0.84      0.66      0.6      -0.45     -0.51      0.8       0.31    
   1        -0.03      0.068    -0.072    -0.6       0.8       0.017    -0.8      -0.6     
   0.59      0.03      0.81      0.64      0.6      -0.49     -0.5       0.8       0.33    
  -0.22      0.066    -0.97      0.34     -0.93     -0.14     -0.91     -0.36      0.18    
   0.2       0.068    -0.98      0.37     -0.93      0.012    -0.91     -0.36     -0.21    
   0.98     -0.07      0.16      0.12      0.93     -0.35     -0.13      0.36      0.92    
  -0.14     -0.87     -0.48      0.51     -0.48      0.72     -0.85     -0.14      0.5     
  -0.58     -0.22      0.78      0.077    -0.97     -0.21      0.81     -0.065     0.58    
   0.56     -0.16      0.81     -0.74      0.35      0.58     -0.38     -0.92      0.074   
  -0.15      0.94      0.29      0.35      0.33     -0.88     -0.92     -0.026    -0.38    
  -0.29      0.16     -0.94     -0.91     -0.35      0.22     -0.29      0.92      0.25    
  -0.88     -0.16      0.44     -0.47      0.35     -0.81     -0.02     -0.92     -0.39    
  -0.96     -0.16      0.21     -0.25      0.35     -0.9       0.077    -0.92     -0.38    
  -0.29      0.16     -0.94     -0.91     -0.35      0.22     -0.29      0.92      0.25    
  -0.95     -0.16      0.25     -0.3       0.35     -0.89      0.057    -0.92     -0.38    
  -0.08      0.17     -0.98     -0.61     -0.79     -0.09     -0.79      0.59      0.17    
   0.33      0.18     -0.93     -0.52     -0.79     -0.33     -0.79      0.59     -0.17    
   0.98      0.18     -0.028     0.12     -0.79     -0.6      -0.13      0.59     -0.8     
   0.15     -0.093    -0.98      0.68      0.73      0.038     0.71     -0.68      0.18    
  -0.68      0.62     -0.4       0.67      0.74     -0.002     0.3      -0.27     -0.92    
   1         0.028     0.014    -0.0063    0.6      -0.8      -0.031     0.8       0.6     
   0.021     0.31      0.95      0.61     -0.75      0.24      0.79      0.58     -0.21    
   0.6      -0.029    -0.8       0.63     -0.6       0.5      -0.49     -0.8      -0.35    
  -0.16      0.028     0.99      0.79      0.6       0.11     -0.59      0.8      -0.12    
  -0.4       0.028     0.92      0.74      0.6       0.3      -0.54      0.8      -0.26    
   0.6      -0.028    -0.8       0.63     -0.6       0.5      -0.49     -0.8      -0.35    
  -0.35      0.028     0.94      0.75      0.6       0.26     -0.56      0.8      -0.23    

SITE_XPOS
  -0.22      0.02      0.21    

SITE_XMAT
   0.98     -0.14      0.11      0.12      0.98      0.14     -0.13     -0.12      0.98    

LIGHT_XPOS
   0         0         1.5     

LIGHT_XDIR
   0         0        -1       

SUBTREE_COM
  -0.19      0.013     0.13    
  -0.19      0.013     0.13    
  -0.00099   0.11      0.082   
   0.0096    0.12      0.058   
   0.04      0.17      0.051   
  -0.23      0.23      0.12    
  -0.063    -0.033     0.1     
  -0.088    -0.046     0.082   
  -0.33     -0.0097    0.041   
  -0.56      0.12     -0.05    
  -0.39      0.039     0.12    
  -0.38      0.039     0.096   
  -0.34      0.039     0.068   
  -0.4       0.29      0.18    
  -0.36     -0.086     0.15    
  -0.35     -0.1       0.13    
  -0.31     -0.14      0.14    
  -0.57     -0.22      0.21    

CDOF
   0         0         0         1         0         0       
   0         0         0         0         1         0       
   0         0         0         0         0         1       
   0.98      0.12     -0.13     -0.0042    0.028    -0.0053  
  -0.14      0.98     -0.12     -0.03     -0.0052   -0.0079  
   0.11      0.14      0.98      8.3e-05   0.012    -0.0017  
   0.98      0.12     -0.13     -0.0094    0.022    -0.051   
  -0.17      0.36     -0.92     -0.068     0.16      0.075   
  -0.17      0.36     -0.92     -0.085     0.36      0.15    
   0.98      0.12     -0.13      0.00092   0.035     0.04    
   0.03      0.6       0.8      -0.02     -0.15      0.11    
   0.03      0.6       0.8      -0.052     0.019    -0.012   
   0.98      0.12     -0.13     -0.0094    0.022    -0.051   
  -0.16      0.35     -0.92     -0.041    -0.2      -0.068   
  -0.16      0.35     -0.92      0.13     -0.074    -0.052   
   0.98      0.12     -0.13      0.00092   0.035     0.04    
   0.028     0.6       0.8      -0.089     0.16     -0.11    
   0.028     0.6       0.8      -0.086    -0.015     0.014   

CINERT
   0         0         0         0         0         0         0         0         0         0       
   0.031     0.1       0.11     -0.009     0.01      0.0016    0.08      0.043     0.15      6.9     
   0.0042    0.02      0.024    -0.0085    0.00029   7.5e-06   0.11      0.05     -0.0013    0.68    
   0.019     0.056     0.061    -0.023     0.018     0.0087    0.23      0.12     -0.085     1.2     
   0.0078    0.016     0.02     -0.0086    0.0049    0.003     0.056     0.038    -0.02      0.24    
   0         0         0         0         0         0        -0         0        -0         0       
   0.0008    0.023     0.024     0.0024   -0.0012    0.00027   0.12     -0.013     0.0066    0.68    
   0.0085    0.035     0.039     0.011     0.0076   -0.0032    0.18     -0.078    -0.049     1.2     
   0.0027    0.0076    0.0059   -0.0002   -0.0034   -0.00026  -0.033    -0.0055   -0.022     0.24    
   0         0         0         0         0         0        -0         0        -0         0       
   0.0025    0.029     0.029     0.0037    0.0064   -0.00095  -0.14      0.018     0.031     0.68    
   0.0066    0.052     0.052     0.0076   -0.0061   -0.00099  -0.23      0.029    -0.036     1.2     
   0.0025    0.0064    0.0064    0.0012   -0.0021   -7.2e-05  -0.035     0.0062   -0.016     0.24    
   0         0         0         0         0         0        -0         0         0         0       
   0.0057    0.027     0.027    -0.0084    0.0074    0.0027   -0.13     -0.045     0.039     0.68    
   0.014     0.036     0.049    -0.02      0.00072  -0.00017  -0.19     -0.12     -0.0015    1.2     
   0.0062    0.0047    0.011    -0.0048    0.00051   0.00038  -0.028    -0.038     0.0018    0.24    
   0         0         0         0         0         0        -0        -0         0         0       

ACTUATOR_LENGTH
   1.1     
   1.5     
  -0.78    
  -1.1     
  -1.6     
  -2.8     
   1.1     
   4.5     
  -2.8     
  -1.1     
  -0.53    
  -2.8     

actuator_moment
--------------------
          x         |
           x        |
            x       |
       x            |
        x           |
         x          |
                x   |
                 x  |
                  x |
             x      |
              x     |
               x    |
--------------------

ACTUATOR_MOMENT
    9:  1       
    10:  1       
    11:  1       
    6:  1       
    7:  1       
    8:  1       
    15:  1       
    16:  1       
    17:  1       
    12:  1       
    13:  1       
    14:  1       

CRB
   0         0         0         0         0         0         0         0         0         0       
   0.11      0.41      0.45     -0.057     0.043     0.011    -1.1e-16   0         1.4e-16   15      
   0.031     0.092     0.11     -0.041     0.023     0.012     0.4       0.2      -0.11      2.1     
   0.027     0.072     0.082    -0.032     0.023     0.012     0.28      0.15     -0.1       1.4     
   0.0078    0.016     0.02     -0.0086    0.0049    0.003     0.056     0.038    -0.02      0.24    
   0         0         0         0         0         0        -0         0        -0         0       
   0.012     0.066     0.068     0.013     0.003    -0.0032    0.27     -0.096    -0.064     2.1     
   0.011     0.043     0.044     0.011     0.0042   -0.0035    0.14     -0.083    -0.071     1.4     
   0.0027    0.0076    0.0059   -0.0002   -0.0034   -0.00026  -0.033    -0.0055   -0.022     0.24    
   0         0         0         0         0         0        -0         0        -0         0       
   0.012     0.087     0.087     0.012    -0.0018   -0.002    -0.4       0.054    -0.02      2.1     
   0.0091    0.058     0.059     0.0088   -0.0082   -0.0011   -0.27      0.035    -0.052     1.4     
   0.0025    0.0064    0.0064    0.0012   -0.0021   -7.2e-05  -0.035     0.0062   -0.016     0.24    
   0         0         0         0         0         0        -0         0         0         0       
   0.026     0.067     0.087    -0.033     0.0086    0.0029   -0.34     -0.21      0.04      2.1     
   0.02      0.041     0.06     -0.024     0.0012    0.00021  -0.21     -0.16      0.00031   1.4     
   0.0062    0.0047    0.011    -0.0048    0.00051   0.00038  -0.028    -0.038     0.0018    0.24    
   0         0         0         0         0         0        -0        -0         0         0       

QM
   15        0         0        -0.065    -0.45      0.0013   -0.0063    0.01      0.0073   -0.018    -0.0038   -0.021    -0.015    -0.043     0.032    -0.02      0.0051    0.011   
   0         15        0         0.43     -0.08      0.18      0.098    -0.051     0.032     0.1      -0.092    -0.021     0.12     -0.037     0.012     0.077     0.045    -0.026   
   0         0         15       -0.08     -0.12     -0.026     0.047    -0.022     0.011    -0.044     0.068     0.016    -0.0027   -0.0063   -0.0014   -0.076    -0.034     0.019   
  -0.065     0.43     -0.08      0.11     -0.017     0.00053   0.013    -0.0066    0.0039    0.015    -0.013    -0.0027    0.017    -0.0039    0.00093   0.014     0.0064   -0.004   
  -0.45     -0.08     -0.12     -0.017     0.44     -0.002    -0.014     0.0099   -0.0042    0.0086    0.0081    0.0055    0.0039    0.0057   -0.0023   -0.0092   -0.0013    0.0025  
   0.0013    0.18     -0.026     0.00053  -0.002     0.46      0.022    -0.019     0.0052    0.0071    0.0088    0.0037   -0.018     0.00076  -0.0039   -0.013     0.0013    0.0056  
  -0.0063    0.098     0.047     0.013    -0.014     0.022     0.021    -0.0053    0.0031    0         0         0         0         0         0         0         0         0       
   0.01     -0.051    -0.022    -0.0066    0.0099   -0.019    -0.0053    0.02     -0.00062   0         0         0         0         0         0         0         0         0       
   0.0073    0.032     0.011     0.0039   -0.0042    0.0052    0.0031   -0.00062   0.016     0         0         0         0         0         0         0         0         0       
  -0.018     0.1      -0.044     0.015     0.0086    0.0071    0         0         0         0.024    -0.011    -0.0021    0         0         0         0         0         0       
  -0.0038   -0.092     0.068    -0.013     0.0081    0.0088    0         0         0        -0.011     0.044     0.011     0         0         0         0         0         0       
  -0.021    -0.021     0.016    -0.0027    0.0055    0.0037    0         0         0        -0.0021    0.011     0.016     0         0         0         0         0         0       
  -0.015     0.12     -0.0027    0.017     0.0039   -0.018     0         0         0         0         0         0         0.027    -0.0032    0.00076   0         0         0       
  -0.043    -0.037    -0.0063   -0.0039    0.0057    0.00076   0         0         0         0         0         0        -0.0032    0.02     -0.00063   0         0         0       
   0.032     0.012    -0.0014    0.00093  -0.0023   -0.0039    0         0         0         0         0         0         0.00076  -0.00063   0.016     0         0         0       
  -0.02      0.077    -0.076     0.014    -0.0092   -0.013     0         0         0         0         0         0         0         0         0         0.021     0.0052   -0.0032  
   0.0051    0.045    -0.034     0.0064   -0.0013    0.0013    0         0         0         0         0         0         0         0         0         0.0052    0.02     -0.00062 
   0.011    -0.026     0.019    -0.004     0.0025    0.0056    0         0         0         0         0         0         0         0         0        -0.0032   -0.00062   0.016   

QLD
   14        0.02     -0.015    -0.57     -1.1       0.0026   -0.27      0.52      0.45     -0.87      0.3      -1.3      -0.88     -2         2        -1         0.27      0.65    
   0.02      13        0.029     2.2      -0.0065    0.4       4.3      -2.5       1.9       3.7      -2.1      -1.3       4.2      -1.8       0.7       3.2       2.2      -1.6     
  -0.015     0.029     15       -0.34     -0.27     -0.33      2.1      -1.1       0.67     -1.3       1.6       1        -0.14     -0.31     -0.085    -3.4      -1.6       1.2     
  -0.57      2.2      -0.34      0.069    -0.016     0.0026    0.58     -0.32      0.24      0.57     -0.31     -0.16      0.63     -0.19      0.057     0.61      0.31     -0.24    
  -1.1      -0.0065   -0.27     -0.016     0.41      0.019    -0.58      0.48     -0.26      0.49      0.12      0.34      0.19      0.27     -0.14     -0.45     -0.06      0.15    
   0.0026    0.4      -0.33      0.0026    0.019     0.4       0.89     -0.93      0.32      0.43      0.17      0.23     -0.69      0.03     -0.24     -0.65      0.072     0.34    
  -0.27      4.3       2.1       0.58     -0.58      0.89      0.019    -0.26      0.19      0         0         0         0         0         0         0         0         0       
   0.52     -2.5      -1.1      -0.32      0.48     -0.93     -0.26      0.02     -0.038     0         0         0         0         0         0         0         0         0       
   0.45      1.9       0.67      0.24     -0.26      0.32      0.19     -0.038     0.016     0         0         0         0         0         0         0         0         0       
  -0.87      3.7      -1.3       0.57      0.49      0.43      0         0         0         0.021    -0.25     -0.13      0         0         0         0         0         0       
   0.3      -2.1       1.6      -0.31      0.12      0.17      0         0         0        -0.25      0.036     0.69      0         0         0         0         0         0       
  -1.3      -1.3       1        -0.16      0.34      0.23      0         0         0        -0.13      0.69      0.016     0         0         0         0         0         0       
  -0.88      4.2      -0.14      0.63      0.19     -0.69      0         0         0         0         0         0         0.026    -0.15      0.046     0         0         0       
  -2        -1.8      -0.31     -0.19      0.27      0.03      0         0         0         0         0         0        -0.15      0.02     -0.039     0         0         0       
   2         0.7      -0.085     0.057    -0.14     -0.24      0         0         0         0         0         0         0.046    -0.039     0.016     0         0         0       
  -1         3.2      -3.4       0.61     -0.45     -0.65      0         0         0         0         0         0         0         0         0         0.019     0.25     -0.2     
   0.27      2.2      -1.6       0.31     -0.06      0.072     0         0         0         0         0         0         0         0         0         0.25      0.02     -0.038   
   0.65     -1.6       1.2      -0.24      0.15      0.34      0         0         0         0         0         0         0         0         0        -0.2      -0.038     0.016   

QLDIAGINV
   0.069   
   0.077   
   0.069   
   15      
   2.4     
   2.5     
   54      
   49      
   61      
   47      
   27      
   61      
   38      
   49      
   61      
   53      
   49      
   61      

QLDIAGSQRTINV
   0.26    
   0.28    
   0.26    
   3.8     
   1.6     
   1.6     
   7.3     
   7       
   7.8     
   6.9     
   5.2     
   7.8     
   6.2     
   7       
   7.8     
   7.3     
   7       
   7.8     

B: body-dof matrix
--------------------
 xxxxxxxxxxxxxxxxxx |
 xxxxxxxxxxxxxxxxxx |
 xxxxxxxxx          |
 xxxxxxxxx          |
 xxxxxxxxx          |
 xxxxxxxxx          |
 xxxxxx   xxx       |
 xxxxxx   xxx       |
 xxxxxx   xxx       |
 xxxxxx   xxx       |
 xxxxxx      xxx    |
 xxxxxx      xxx    |
 xxxxxx      xxx    |
 xxxxxx      xxx    |
 xxxxxx         xxx |
 xxxxxx         xxx |
 xxxxxx         xxx |
 xxxxxx         xxx |
--------------------

B_rownnz              18 18 9 9 9 9 9 9 9 9 9 9 9 9 9 9 9 9

B_rowadr              0 18 36 45 54 63 72 81 90 99 108 117 126 135 144 153 162 171

B_colind              0 1 2 3 4 5 6 7 8 9 10 11 12 13 14 15 16 17 0 1 2 3 4 5 6 7 8 9 10 11 12 13 14 15 16 17 0 1 2 3 4 5 6 7 8 0 1 2 3 4 5 6 7 8 0 1 2 3 4 5 6 7 8 0 1 2 3 4 5 6 7 8 0 1 2 3 4 5 9 10 11 0 1 2 3 4 5 9 10 11 0 1 2 3 4 5 9 10 11 0 1 2 3 4 5 9 10 11 0 1 2 3 4 5 12 13 14 0 1 2 3 4 5 12 13 14 0 1 2 3 4 5 12 13 14 0 1 2 3 4 5 12 13 14 0 1 2 3 4 5 15 16 17 0 1 2 3 4 5 15 16 17 0 1 2 3 4 5 15 16 17 0 1 2 3 4 5 15 16 17

C: reduced dof-dof matrix
--------------------
 xxxxxxxxxxxxxxxxxx |
 xxxxxxxxxxxxxxxxxx |
 xxxxxxxxxxxxxxxxxx |
 xxxxxxxxxxxxxxxxxx |
 xxxxxxxxxxxxxxxxxx |
 xxxxxxxxxxxxxxxxxx |
 xxxxxxxxx          |
 xxxxxxxxx          |
 xxxxxxxxx          |
 xxxxxx   xxx       |
 xxxxxx   xxx       |
 xxxxxx   xxx       |
 xxxxxx      xxx    |
 xxxxxx      xxx    |
 xxxxxx      xxx    |
 xxxxxx         xxx |
 xxxxxx         xxx |
 xxxxxx         xxx |
--------------------

C_rownnz              18 18 18 18 18 18 9 9 9 9 9 9 9 9 9 9 9 9

C_rowadr              0 18 36 54 72 90 108 117 126 135 144 153 162 171 180 189 198 207

C_colind              0 1 2 3 4 5 6 7 8 9 10 11 12 13 14 15 16 17 0 1 2 3 4 5 6 7 8 9 10 11 12 13 14 15 16 17 0 1 2 3 4 5 6 7 8 9 10 11 12 13 14 15 16 17 0 1 2 3 4 5 6 7 8 9 10 11 12 13 14 15 16 17 0 1 2 3 4 5 6 7 8 9 10 11 12 13 14 15 16 17 0 1 2 3 4 5 6 7 8 9 10 11 12 13 14 15 16 17 0 1 2 3 4 5 6 7 8 0 1 2 3 4 5 6 7 8 0 1 2 3 4 5 6 7 8 0 1 2 3 4 5 9 10 11 0 1 2 3 4 5 9 10 11 0 1 2 3 4 5 9 10 11 0 1 2 3 4 5 12 13 14 0 1 2 3 4 5 12 13 14 0 1 2 3 4 5 12 13 14 0 1 2 3 4 5 15 16 17 0 1 2 3 4 5 15 16 17 0 1 2 3 4 5 15 16 17

mapM2C                0 2 5 9 14 20 27 35 44 51 59 68 75 83 92 99 107 116 2 1 4 8 13 19 26 34 43 50 58 67 74 82 91 98 106 115 5 4 3 7 12 18 25 33 42 49 57 66 73 81 90 97 105 114 9 8 7 6 11 17 24 32 41 48 56 65 72 80 89 96 104 113 14 13 12 11 10 16 23 31 40 47 55 64 71 79 88 95 103 112 20 19 18 17 16 15 22 30 39 46 54 63 70 78 87 94 102 111 27 26 25 24 23 22 21 29 38 35 34 33 32 31 30 29 28 37 44 43 42 41 40 39 38 37 36 51 50 49 48 47 46 45 53 62 59 58 57 56 55 54 53 52 61 68 67 66 65 64 63 62 61 60 75 74 73 72 71 70 69 77 86 83 82 81 80 79 78 77 76 85 92 91 90 89 88 87 86 85 84 99 98 97 96 95 94 93 101 110 107 106 105 104 103 102 101 100 109 116 115 114 113 112 111 110 109 108

D: dof-dof matrix
--------------------
 xxxxxxxxxxxxxxxxxx |
 xxxxxxxxxxxxxxxxxx |
 xxxxxxxxxxxxxxxxxx |
 xxxxxxxxxxxxxxxxxx |
 xxxxxxxxxxxxxxxxxx |
 xxxxxxxxxxxxxxxxxx |
 xxxxxxxxx          |
 xxxxxxxxx          |
 xxxxxxxxx          |
 xxxxxx   xxx       |
 xxxxxx   xxx       |
 xxxxxx   xxx       |
 xxxxxx      xxx    |
 xxxxxx      xxx    |
 xxxxxx      xxx    |
 xxxxxx         xxx |
 xxxxxx         xxx |
 xxxxxx         xxx |
--------------------

D_rownnz              18 18 18 18 18 18 9 9 9 9 9 9 9 9 9 9 9 9

D_rowadr              0 18 36 54 72 90 108 117 126 135 144 153 162 171 180 189 198 207

D_colind              0 1 2 3 4 5 6 7 8 9 10 11 12 13 14 15 16 17 0 1 2 3 4 5 6 7 8 9 10 11 12 13 14 15 16 17 0 1 2 3 4 5 6 7 8 9 10 11 12 13 14 15 16 17 0 1 2 3 4 5 6 7 8 9 10 11 12 13 14 15 16 17 0 1 2 3 4 5 6 7 8 9 10 11 12 13 14 15 16 17 0 1 2 3 4 5 6 7 8 9 10 11 12 13 14 15 16 17 0 1 2 3 4 5 6 7 8 0 1 2 3 4 5 6 7 8 0 1 2 3 4 5 6 7 8 0 1 2 3 4 5 9 10 11 0 1 2 3 4 5 9 10 11 0 1 2 3 4 5 9 10 11 0 1 2 3 4 5 12 13 14 0 1 2 3 4 5 12 13 14 0 1 2 3 4 5 12 13 14 0 1 2 3 4 5 15 16 17 0 1 2 3 4 5 15 16 17 0 1 2 3 4 5 15 16 17

mapM2D                0 2 5 9 14 20 27 35 44 51 59 68 75 83 92 99 107 116 2 1 4 8 13 19 26 34 43 50 58 67 74 82 91 98 106 115 5 4 3 7 12 18 25 33 42 49 57 66 73 81 90 97 105 114 9 8 7 6 11 17 24 32 41 48 56 65 72 80 89 96 104 113 14 13 12 11 10 16 23 31 40 47 55 64 71 79 88 95 103 112 20 19 18 17 16 15 22 30 39 46 54 63 70 78 87 94 102 111 27 26 25 24 23 22 21 29 38 35 34 33 32 31 30 29 28 37 44 43 42 41 40 39 38 37 36 51 50 49 48 47 46 45 53 62 59 58 57 56 55 54 53 52 61 68 67 66 65 64 63 62 61 60 75 74 73 72 71 70 69 77 86 83 82 81 80 79 78 77 76 85 92 91 90 89 88 87 86 85 84 99 98 97 96 95 94 93 101 110 107 106 105 104 103 102 101 100 109 116 115 114 113 112 111 110 109 108

mapD2M                0 19 18 38 37 36 57 56 55 54 76 75 74 73 72 95 94 93 92 91 90 114 113 112 111 110 109 108 124 123 122 121 120 119 118 117 134 133 132 131 130 129 128 127 126 141 140 139 138 137 136 135 151 150 149 148 147 146 145 144 161 160 159 158 157 156 155 154 153 168 167 166 165 164 163 162 178 177 176 175 174 173 172 171 188 187 186 185 184 183 182 181 180 195 194 193 192 191 190 189 205 204 203 202 201 200 199 198 215 214 213 212 211 210 209 208 207

QDERIV
   0         0         0         0         0         0         0         0         0         0         0         0         0         0         0         0         0         0       
   0         0         0         0         0         0         0         0         0         0         0         0         0         0         0         0         0         0       
   0         0         0         0         0         0         0         0         0         0         0         0         0         0         0         0         0         0       
   0         0         0         0         0         0         0         0         0         0         0         0         0         0         0         0         0         0       
   0         0         0         0         0         0         0         0         0         0         0         0         0         0         0         0         0         0       
   0         0         0         0         0         0         0         0         0         0         0         0         0         0         0         0         0         0       
   0         0         0         0         0         0         0         0         0         0         0         0         0         0         0         0         0         0       
   0         0         0         0         0         0         0         0         0         0         0         0         0         0         0         0         0         0       
   0         0         0         0         0         0         0         0         0         0         0         0         0         0         0         0         0         0       
   0         0         0         0         0         0         0         0         0         0         0         0         0         0         0         0         0         0       
   0         0         0         0         0         0         0         0         0         0         0         0         0         0         0         0         0         0       
   0         0         0         0         0         0         0         0         0         0         0         0         0         0         0         0         0         0       
   0         0         0         0         0         0         0         0         0         0         0         0         0         0         0         0         0         0       
   0         0         0         0         0         0         0         0         0         0         0         0         0         0         0         0         0         0       
   0         0         0         0         0         0         0         0         0         0         0         0         0         0         0         0         0         0       
   0         0         0         0         0         0         0         0         0         0         0         0         0         0         0         0         0         0       
   0         0         0         0         0         0         0         0         0         0         0         0         0         0         0         0         0         0       
   0         0         0         0         0         0         0         0         0         0         0         0         0         0         0         0         0         0       

QLU
   0         0         0         0         0         0         0         0         0         0         0         0         0         0         0         0         0         0       
   0         0         0         0         0         0         0         0         0         0         0         0         0         0         0         0         0         0       
   0         0         0         0         0         0         0         0         0         0         0         0         0         0         0         0         0         0       
   0         0         0         0         0         0         0         0         0         0         0         0         0         0         0         0         0         0       
   0         0         0         0         0         0         0         0         0         0         0         0         0         0         0         0         0         0       
   0         0         0         0         0         0         0         0         0         0         0         0         0         0         0         0         0         0       
   0         0         0         0         0         0         0         0         0         0         0         0         0         0         0         0         0         0       
   0         0         0         0         0         0         0         0         0         0         0         0         0         0         0         0         0         0       
   0         0         0         0         0         0         0         0         0         0         0         0         0         0         0         0         0         0       
   0         0         0         0         0         0         0         0         0         0         0         0         0         0         0         0         0         0       
   0         0         0         0         0         0         0         0         0         0         0         0         0         0         0         0         0         0       
   0         0         0         0         0         0         0         0         0         0         0         0         0         0         0         0         0         0       
   0         0         0         0         0         0         0         0         0         0         0         0         0         0         0         0         0         0       
   0         0         0         0         0         0         0         0         0         0         0         0         0         0         0         0         0         0       
   0         0         0         0         0         0         0         0         0         0         0         0         0         0         0         0         0         0       
   0         0         0         0         0         0         0         0         0         0         0         0         0         0         0         0         0         0       
   0         0         0         0         0         0         0         0         0         0         0         0         0         0         0         0         0         0       
   0         0         0         0         0         0         0         0         0         0         0         0         0         0         0         0         0         0       

CONTACT
  0:
     dim           3
     geoms         floor : 22
     exclude       0
     efc_address   23
     solref         0.02      1       
     solimp         0.9       0.95      0.001     0.5       2       
     dist           0.00071 
     includemargin  0.001   
     pos            0.18      0.14      0.00035 
     frame          0         0         1         0         1         0        -1         0         0       
     friction       1         1         0.005     0.0001    0.0001  
     mu             0.1     
  1:
     dim           6
     geoms         floor : FR
     exclude       0
     efc_address   26
     solref         0.02      1       
     solimp         0.9       0.95      0.001     0.5       2       
     dist          -0.00066 
     includemargin  0.001   
     pos           -0.39      0.02     -0.00033 
     frame          0         0         1         0         1         0        -1         0         0       
     friction       0.4       0.4       0.02      0.01      0.01    
     mu             0.04    
  2:
     dim           3
     geoms         floor : 46
     exclude       0
     efc_address   32
     solref         0.02      1       
     solimp         0.9       0.95      0.001     0.5       2       
     dist           0.00061 
     includemargin  0.001   
     pos           -0.31     -0.09      0.00031 
     frame          0         0         1         0         1         0        -1         0         0       
     friction       1         1         0.005     0.0001    0.0001  
     mu             0.1     
  3:
     dim           1
     geoms         34 : 58
     exclude       0
     efc_address   35
     solref         0.02      1       
     solimp         0.9       0.95      0.001     0.5       2       
     dist           0.00048 
     includemargin  0.001   
     pos           -0.21     -0.09      0.11    
     frame          0.014    -0.8       0.6      -0.01      0.6       0.8      -1        -0.017    -1.7e-18 
     friction       0.4       0.4       0.005     0.0001    0.0001  
     mu             0       
  4:
     dim           1
     geoms         38 : 46
     exclude       0
     efc_address   36
     solref         0.02      1       
     solimp         0.9       0.95      0.001     0.5       2       
     dist          -0.00022 
     includemargin  0.001   
     pos           -0.33     -0.0049    0.037   
     frame         -0.55     -0.67      0.5       0.31      0.39      0.87     -0.78      0.63      0       
     friction       0.4       0.4       0.005     0.0001    0.0001  
     mu             0       
  5:
     dim           1
     geoms         38 : 49
     exclude       0
     efc_address   37
     solref         0.02      1       
     solimp         0.9       0.95      0.001     0.5       2       
     dist          -0.0035  
     includemargin  0.001   
     pos           -0.32     -0.0068    0.04    
     frame         -0.54     -0.58      0.61      0.41      0.45      0.79     -0.73      0.68      0       
     friction       0.4       0.4       0.005     0.0001    0.0001  
     mu             0       
  6:
     dim           1
     geoms         43 : 50
     exclude       0
     efc_address   38
     solref         0.02      1       
     solimp         0.9       0.95      0.001     0.5       2       
     dist           0.00046 
     includemargin  0.001   
     pos           -0.37      0.067     0.084   
     frame          0.97     -0.11     -0.21      0.11      0.99     -0.024     0.22      0         0.98    
     friction       0.4       0.4       0.005     0.0001    0.0001  
     mu             0       

EFC_TYPE
  1
  1
  1
  1
  1
  1
  1
  1
  1
  1
  1
  1
  3
  3
  3
  3
  3
  3
  3
  3
  3
  3
  3
  7
  7
  7
  7
  7
  7
  7
  7
  7
  7
  7
  7
  5
  5
  5
  5

EFC_ID
  6
  7
  8
  9
  10
  11
  12
  13
  14
  15
  16
  17
  1
  2
  3
  4
  6
  7
  8
  9
  10
  11
  12
  0
  0
  0
  1
  1
  1
  1
  1
  1
  2
  2
  2
  3
  4
  5
  6

EFC_J
   0         0         0         0         0         0         1         0         0         0         0         0         0         0         0         0         0         0       
   0         0         0         0         0         0         0         1         0         0         0         0         0         0         0         0         0         0       
   0         0         0         0         0         0         0         0         1         0         0         0         0         0         0         0         0         0       
   0         0         0         0         0         0         0         0         0         1         0         0         0         0         0         0         0         0       
   0         0         0         0         0         0         0         0         0         0         1         0         0         0         0         0         0         0       
   0         0         0         0         0         0         0         0         0         0         0         1         0         0         0         0         0         0       
   0         0         0         0         0         0         0         0         0         0         0         0         1         0         0         0         0         0       
   0         0         0         0         0         0         0         0         0         0         0         0         0         1         0         0         0         0       
   0         0         0         0         0         0         0         0         0         0         0         0         0         0         1         0         0         0       
   0         0         0         0         0         0         0         0         0         0         0         0         0         0         0         1         0         0       
   0         0         0         0         0         0         0         0         0         0         0         0         0         0         0         0         1         0       
   0         0         0         0         0         0         0         0         0         0         0         0         0         0         0         0         0         1       
   0         0         0         0         0         0         1         0         0         0         0         0         0         0         0         0         0         0       
   0         0         0         0         0         0         0         1         0         0         0         0         0         0         0         0         0         0       
   0         0         0         0         0         0         0         0         1         0         0         0         0         0         0         0         0         0       
   0         0         0         0         0         0         0         0         0        -1         0         0         0         0         0         0         0         0       
   0         0         0         0         0         0         0         0         0         0         0        -1         0         0         0         0         0         0       
   0         0         0         0         0         0         0         0         0         0         0         0         1         0         0         0         0         0       
   0         0         0         0         0         0         0         0         0         0         0         0         0         1         0         0         0         0       
   0         0         0         0         0         0         0         0         0         0         0         0         0         0         1         0         0         0       
   0         0         0         0         0         0         0         0         0         0         0         0         0         0         0        -1         0         0       
   0         0         0         0         0         0         0         0         0         0         0         0         0         0         0         0        -1         0       
   0         0         0         0         0         0         0         0         0         0         0         0         0         0         0         0         0         1       
   0         0         1         0.073    -0.39     -0.039     0.028    -0.078     0         0         0         0         0         0         0         0         0         0       
   0         1         0         0.11     -0.069     0.39      0.1      -0.2       0         0         0         0         0         0         0         0         0         0       
  -1         0         0         0.0045    0.14      0.14      0.0096   -0.00085   0         0         0         0         0         0         0         0         0         0       
   0         0         1         0.026     0.19      0.027     0         0         0         0.071     0.23      0.11      0         0         0         0         0         0       
   0         1         0         0.18      0.00053  -0.17      0         0         0         0.19     -0.31     -0.14      0         0         0         0         0         0       
  -1         0         0         0.02      0.16      0.025     0         0         0         0.015     0.1       0.14      0         0         0         0         0         0       
   0         0         0        -0.13     -0.12      0.98      0         0         0        -0.13      0.8       0.8       0         0         0         0         0         0       
   0         0         0         0.12      0.98      0.14      0         0         0         0.12      0.6       0.6       0         0         0         0         0         0       
   0         0         0        -0.98      0.14     -0.11      0         0         0        -0.98     -0.03     -0.03      0         0         0         0         0         0       
   0         0         1        -0.092     0.12      0.0033    0         0         0         0         0         0        -0.14     -0.0093    0         0         0         0       
   0         1         0         0.17     -0.0093   -0.089     0         0         0         0         0         0         0.17     -0.11      0         0         0         0       
  -1         0         0         0.034     0.17     -0.083     0         0         0         0         0         0         0.039     0.18      0         0         0         0       
   0         0         0         0         0         0         0         0         0         0.082    -0.21      0         0         0         0        -0.082    -0.17      0       
   0         0         0         0         0         0         0         0         0         0.072    -0.31     -0.15     -0.1       0.099     0         0         0         0       
   0         0         0         0         0         0         0         0         0         0.053    -0.3      -0.14     -0.096     0.091    -0.064     0         0         0       
   0         0         0         0         0         0         0         0         0         0         0         0         0        -8.7e-18   0.15      0         0         0       

EFC_POS
   0       
   0       
   0       
   0       
   0       
   0       
   0       
   0       
   0       
   0       
   0       
   0       
  -0.013   
  -0.015   
  -0.073   
  -0.02    
  -0.059   
  -0.023   
  -0.0087  
  -0.077   
  -0.013   
  -0.011   
  -0.073   
   0.00071 
   0       
   0       
  -0.00066 
   0       
   0       
   0       
   0       
   0       
   0.00061 
   0       
   0       
   0.00048 
  -0.00022 
  -0.0035  
   0.00046 

EFC_MARGIN
   0       
   0       
   0       
   0       
   0       
   0       
   0       
   0       
   0       
   0       
   0       
   0       
   0       
   0       
   0       
   0       
   0       
   0       
   0       
   0       
   0       
   0       
   0       
   0.001   
   0       
   0       
   0.001   
   0       
   0       
   0       
   0       
   0       
   0.001   
   0       
   0       
   0.001   
   0.001   
   0.001   
   0.001   

EFC_FRICTIONLOSS
   0.2     
   0.2     
   0.2     
   0.2     
   0.2     
   0.2     
   0.2     
   0.2     
   0.2     
   0.2     
   0.2     
   0.2     
   0       
   0       
   0       
   0       
   0       
   0       
   0       
   0       
   0       
   0       
   0       
   0       
   0       
   0       
   0       
   0       
   0       
   0       
   0       
   0       
   0       
   0       
   0       
   0       
   0       
   0       
   0       

EFC_DIAGAPPROX
   29      
   29      
   80      
   29      
   29      
   80      
   29      
   29      
   80      
   29      
   29      
   80      
   29      
   29      
   80      
   29      
   80      
   29      
   29      
   80      
   29      
   29      
   80      
   0.17    
   0.0017  
   0.0017  
   1.8     
   0.018   
   0.018   
   7.1     
   28      
   28      
   0.18    
   0.0018  
   0.0018  
   0.35    
   1.9     
   3.5     
   1.9     

EFC_KBIP
   0         1.1e+02   0.9       0       
   0         1.1e+02   0.9       0       
   0         1.1e+02   0.9       0       
   0         1.1e+02   0.9       0       
   0         1.1e+02   0.9       0       
   0         1.1e+02   0.9       0       
   0         1.1e+02   0.9       0       
   0         1.1e+02   0.9       0       
   0         1.1e+02   0.9       0       
   0         1.1e+02   0.9       0       
   0         1.1e+02   0.9       0       
   0         1.1e+02   0.9       0       
   2.8e+03   1.1e+02   0.95      0       
   2.8e+03   1.1e+02   0.95      0       
   2.8e+03   1.1e+02   0.95      0       
   2.8e+03   1.1e+02   0.95      0       
   2.8e+03   1.1e+02   0.95      0       
   2.8e+03   1.1e+02   0.95      0       
   2.8e+03   1.1e+02   0.95      0       
   2.8e+03   1.1e+02   0.95      0       
   2.8e+03   1.1e+02   0.95      0       
   2.8e+03   1.1e+02   0.95      0       
   2.8e+03   1.1e+02   0.95      0       
   2.8e+03   1.1e+02   0.91     -59      
   0         1.1e+02   0.91     -59      
   0         1.1e+02   0.91     -59      
   2.8e+03   1.1e+02   0.95      0       
   0         1.1e+02   0.95      0       
   0         1.1e+02   0.95      0       
   0         1.1e+02   0.95      0       
   0         1.1e+02   0.95      0       
   0         1.1e+02   0.95      0       
   2.8e+03   1.1e+02   0.91     -77      
   0         1.1e+02   0.91     -77      
   0         1.1e+02   0.91     -77      
   2.8e+03   1.1e+02   0.93     -96      
   2.8e+03   1.1e+02   0.95      0       
   2.8e+03   1.1e+02   0.95      0       
   2.8e+03   1.1e+02   0.93     -92      

EFC_D
   0.31    
   0.32    
   0.11    
   0.31    
   0.32    
   0.11    
   0.31    
   0.31    
   0.11    
   0.31    
   0.31    
   0.11    
   0.66    
   0.67    
   0.24    
   0.66    
   0.24    
   0.66    
   0.66    
   0.24    
   0.66    
   0.66    
   0.24    
   59      
   5.9e+03 
   5.9e+03 
   11      
   1.1e+03 
   1.1e+03 
   2.7     
   0.67    
   0.67    
   60      
   6e+03   
   6e+03   
   37      
   9.8     
   5.4     
   6.8     

EFC_R
   3.2     
   3.2     
   8.9     
   3.2     
   3.2     
   8.9     
   3.2     
   3.2     
   8.9     
   3.2     
   3.2     
   8.9     
   1.5     
   1.5     
   4.2     
   1.5     
   4.2     
   1.5     
   1.5     
   4.2     
   1.5     
   1.5     
   4.2     
   0.017   
   0.00017 
   0.00017 
   0.093   
   0.00093 
   0.00093 
   0.37    
   1.5     
   1.5     
   0.017   
   0.00017 
   0.00017 
   0.027   
   0.1     
   0.19    
   0.15    

ACTUATOR_VELOCITY
  -0.00065 
  -0.0061  
   0.0061  
   0.00029 
  -0.00063 
   1.3e-05 
  -0.0039  
  -0.0092  
  -8.2e-05 
   0.0046  
   0.00046 
   0.00033 

CVEL
   0         0         0         0         0         0       
  -0.0022    0.0004    0.0012    0.00021  -0.00031   0.00037 
  -0.0019    0.00043   0.0012    0.00021  -0.0003    0.00035 
  -0.0018    0.0002    0.0018    0.00025  -0.00041   0.00031 
  -0.0018    0.00021   0.0017    0.00025  -0.0004    0.00031 
  -0.0018    0.00021   0.0017    0.00025  -0.0004    0.00031 
  -0.0028    0.00032   0.0013    0.00021  -0.00033   0.00034 
  -0.003    -0.0033   -0.0036    0.00033   0.00059  -0.00035 
  -0.0028    0.0003    0.0013    1.4e-05   0.00071  -0.00042 
  -0.0028    0.0003    0.0013    1.4e-05   0.00071  -0.00042 
   0.0024    0.00097   0.00061   0.00016  -0.00021   0.00013 
   0.0023    0.0011    0.00018   0.00015  -0.0003    9.9e-05 
   0.0022    0.0012   -0.00012   0.00019  -0.00033   8.2e-05 
   0.0022    0.0012   -0.00012   0.00019  -0.00033   8.2e-05 
  -0.0061   -9.1e-05   0.0017    0.0002   -0.00045   0.00021 
  -0.0063   -0.0056   -0.0056    0.001    -0.0019    0.0013  
  -0.0063   -0.0057   -0.0057    0.001    -0.0019    0.0013  
  -0.0063   -0.0057   -0.0057    0.001    -0.0019    0.0013  

CDOF_DOT
   0         0         0         0         0         0       
   0         0         0         0         0         0       
   0         0         0         0         0         0       
  -0         0         0        -1.2e-05   0.00038   0.00028 
  -0         0         0        -0.00032  -2.4e-05   0.00018 
   0         0         0        -0.0003   -0.00017   5.8e-05 
  -0.0002    0.0009   -0.00066  -5.2e-05   0.00026   0.00029 
  -0.00082  -0.002    -0.00062  -3.5e-06   0.0002   -0.00026 
  -0.00082  -0.002    -0.00062  -0.00033   0.00031  -0.00061 
  -0.0002    0.0009   -0.00066  -3.2e-05   0.00048   0.00025 
  -0.00052   0.0023   -0.0017   -0.00024   0.00014   0.00057 
  -0.00052   0.0023   -0.0017    0.00079  -0.00012  -5.1e-05 
  -0.0002    0.0009   -0.00066  -5.2e-05   0.00026   0.00029 
  -0.0011    0.0021    0.00098   0.0002    0.00026  -0.0004  
  -0.0011    0.0021    0.00098   0.0002    0.00026  -0.00032 
  -0.0002    0.0009   -0.00066  -3.2e-05   0.00048   0.00025 
  -0.0011    0.0049   -0.0037   -0.00074  -0.001    -0.00081 
  -0.0011    0.0049   -0.0037   -0.0024   -0.00021   0.00028 

QFRC_BIAS
  -3.1e-07 
   5.3e-06 
   1.5e+02 
  -0.79    
  -1.2     
  -0.25    
   0.46    
  -0.21    
   0.11    
  -0.43    
   0.67    
   0.16    
  -0.026   
  -0.062   
  -0.014   
  -0.74    
  -0.34    
   0.19    

QFRC_SPRING
   0       
   0       
   0       
   0       
   0       
   0       
   0       
   0       
   0       
   0       
   0       
   0       
   0       
   0       
   0       
   0       
   0       
   0       

QFRC_DAMPER
   0       
   0       
   0       
   0       
   0       
   0       
  -2.9e-05 
   6.3e-05 
  -1.3e-06 
   6.5e-05 
   0.00061 
  -0.00061 
  -0.00046 
  -4.6e-05 
  -3.3e-05 
   0.00039 
   0.00092 
   8.2e-06 

QFRC_GRAVCOMP
   0       
   0       
   0       
   0       
   0       
   0       
   0       
   0       
   0       
   0       
   0       
   0       
   0       
   0       
   0       
   0       
   0       
   0       

QFRC_FLUID
   0       
   0       
   0       
   0       
   0       
   0       
   0       
   0       
   0       
   0       
   0       
   0       
   0       
   0       
   0       
   0       
   0       
   0       

QFRC_PASSIVE
   0       
   0       
   0       
   0       
   0       
   0       
  -2.9e-05 
   6.3e-05 
  -1.3e-06 
   6.5e-05 
   0.00061 
  -0.00061 
  -0.00046 
  -4.6e-05 
  -3.3e-05 
   0.00039 
   0.00092 
   8.2e-06 

EFC_VEL
   0.00029 
  -0.00063 
   1.3e-05 
  -0.00065 
  -0.0061  
   0.0061  
   0.0046  
   0.00046 
   0.00033 
  -0.0039  
  -0.0092  
  -8.2e-05 
   0.00029 
  -0.00063 
   1.3e-05 
   0.00065 
  -0.0061  
   0.0046  
   0.00046 
   0.00033 
   0.0039  
   0.0092  
  -8.2e-05 
  -5.4e-07 
  -3.6e-06 
   1e-08   
  -0.00038 
   7.4e-05 
   3.4e-05 
   0.0013  
   0.0003  
   0.0028  
  -2e-06   
  -2e-05   
  -1.4e-05 
   0.0031  
   0.0005  
   0.00051 
   5e-05   

EFC_AREF
  -0.03    
   0.066   
  -0.0014  
   0.068   
   0.65    
  -0.64    
  -0.49    
  -0.049   
  -0.035   
   0.41    
   0.96    
   0.0086  
   34      
   41      
   1.9e+02 
   52      
   1.6e+02 
   60      
   23      
   2e+02   
   33      
   27      
   1.9e+02 
   0.74    
   0.00038 
  -1.1e-06 
   4.4     
  -0.0078  
  -0.0036  
  -0.13    
  -0.032   
  -0.3     
   0.98    
   0.0021  
   0.0015  
   1       
   3.2     
   12      
   1.4     

SUBTREE_LINVEL
   0         0         0       
   0         0         0       
   0         0         0       
   0         0         0       
   0         0         0       
   0         0         0       
   0         0         0       
   0         0         0       
   0         0         0       
   0         0         0       
   0         0         0       
   0         0         0       
   0         0         0       
   0         0         0       
   0         0         0       
   0         0         0       
   0         0         0       
   0         0         0       

SUBTREE_ANGMOM
   0         0         0       
   0         0         0       
   0         0         0       
   0         0         0       
   0         0         0       
   0         0         0       
   0         0         0       
   0         0         0       
   0         0         0       
   0         0         0       
   0         0         0       
   0         0         0       
   0         0         0       
   0         0         0       
   0         0         0       
   0         0         0       
   0         0         0       
   0         0         0       

ACTUATOR_FORCE
   24      
   24      
   45      
  -24      
  -24      
  -45      
   24      
   24      
  -45      
  -24      
  -24      
  -45      

QFRC_ACTUATOR
   0       
   0       
   0       
   0       
   0       
   0       
  -24      
  -24      
  -45      
   24      
   24      
   45      
  -24      
  -24      
  -45      
   24      
   24      
  -45      

QFRC_SMOOTH
   3.1e-07 
  -5.3e-06 
  -1.5e+02 
   0.79    
   1.2     
   0.25    
  -24      
  -23      
  -46      
   24      
   23      
   45      
  -24      
  -24      
  -45      
   24      
   24      
  -46      

QACC_SMOOTH
   9.5     
   1.1     
   0.14    
  -72      
  -42      
  -43      
  -1.1e+03 
  -1.6e+03 
  -2.6e+03 
   1.4e+03 
   1.2e+02 
   2.9e+03 
  -9.5e+02 
  -1.4e+03 
  -2.8e+03 
   5.3e+02 
   9.8e+02 
  -2.7e+03 

EFC_B
  -1.1e+03 
  -1.6e+03 
  -2.6e+03 
   1.4e+03 
   1.2e+02 
   2.9e+03 
  -9.5e+02 
  -1.4e+03 
  -2.8e+03 
   5.3e+02 
   9.8e+02 
  -2.7e+03 
  -1.2e+03 
  -1.6e+03 
  -2.8e+03 
  -1.5e+03 
  -3.1e+03 
  -1e+03   
  -1.4e+03 
  -3e+03   
  -5.6e+02 
  -1e+03   
  -2.8e+03 
   1e+02   
   1.7e+02 
  -32      
   4.2e+02 
  -1.7e+02 
   4.1e+02 
   2.2e+03 
   1.9e+03 
  -1.4e+03 
   1.4e+02 
  -14      
  -3e+02   
  -1.2e+02 
  -4.1e+02 
  -2.3e+02 
  -4.3e+02 

EFC_FORCE
  -0.01    
   0.024   
   3.8e-06 
   0.028   
   0.2     
  -0.082   
  -0.17    
  -0.017   
  -0.0045  
   0.13    
   0.2     
   4.9e-05 
   23      
   27      
   46      
   35      
   37      
   40      
   15      
   48      
   22      
   18      
   46      
   44      
   0.72    
  -0.22    
   47      
  -9.1     
  -5.9     
  -0.41    
  -0.049   
  -0.19    
   58      
   8.2     
   6       
   37      
   31      
   63      
   9.4     

EFC_STATE
  1
  1
  1
  1
  2
  1
  1
  1
  1
  1
  2
  1
  1
  1
  1
  1
  1
  1
  1
  1
  1
  1
  1
  1
  1
  1
  1
  1
  1
  1
  1
  1
  1
  1
  1
  1
  1
  1
  1

QFRC_CONSTRAINT
   0.098   
  -0.15    
   1.5e+02 
  -0.79    
  -1.2     
  -0.24    
   24      
   23      
   46      
  -24      
  -23      
  -45      
   24      
   24      
   45      
  -24      
  -24      
   46      

QFRC_INVERSE
   0       
   0       
   0       
   0       
   0       
   0       
   0       
   0       
   0       
   0       
   0       
   0       
   0       
   0       
   0       
   0       
   0       
   0       

CACC
   0         0         0        -0        -0         9.8     
   0.04      0.04      0.01      0.0066   -0.011     9.8     
   0.043     0.04      0.0097    0.0065   -0.011     9.8     
   0.044     0.037     0.018     0.0072   -0.012     9.8     
   0.045     0.037     0.019     0.0073   -0.013     9.8     
   0.045     0.037     0.019     0.0073   -0.013     9.8     
   0.021     0.037     0.013     0.0065   -0.012     9.8     
   0.018    -0.0077   -0.048     0.0081   -0.00013   9.8     
   0.021     0.042     0.018     0.0038    0.0014    9.8     
   0.021     0.042     0.018     0.0038    0.0014    9.8     
   0.087     0.046     0.0039    0.0061   -0.0098    9.8     
   0.086     0.048    -0.00054   0.0059   -0.011     9.8     
   0.085     0.05     -0.0057    0.0067   -0.011     9.8     
   0.085     0.05     -0.0057    0.0067   -0.011     9.8     
   0.038     0.04      0.01      0.0066   -0.011     9.8     
   0.04      0.085     0.07     -5.9e-05   0.00069   9.8     
   0.04      0.09      0.077    -0.00076   0.00057   9.8     
   0.04      0.09      0.077    -0.00076   0.00057   9.8     

CFRC_INT
  -4e-15     1.8e-15   8.1e-15  -3.7e-15  -1e-14     0       
  -4e-15     1.8e-15   8.1e-15  -3.7e-15  -1e-14     0       
  -3.6       12       -0.24     -0.22     -0.73     -24      
  -4.1       13       -0.24     -0.22     -0.72     -30      
   0.37     -0.55     -0.00027   0.0003   -0.0011    2.4     
   0         0         0         0         0         0       
  -9.6       1.4       6.1      -56       -78        49      
  -9.5       2.6       6.1      -56       -78        43      
  -5.8       3.8       5.4      -57       -48        9.1     
   0         0         0         0         0         0       
   12       -16       -5.2       57        49       -92      
   12       -16       -4.9       48        50       -96      
   4.4      -7.2      -3.9       25        38       -34      
   0         0         0         0         0         0       
   0.92      2.9      -0.7      -0.48      30       -1.9     
   1.4       1.6      -0.71     -0.49      30       -8.6     
  -0.37      0.28      0.00082   0.0029   -0.0021    2.4     
   0         0         0         0         0         0       

CFRC_EXT
   0         0         0         0         0         0       
   0         0         0         0         0         0       
   0         0         0         0         0         0       
   5.6      -16        0.24      0.22      0.72      44      
   0         0         0         0         0         0       
   0         0         0         0         0         0       
   0         0         0         0         0         0       
   2.9      -0.49     -0.71     -0.5       30       -22      
   5.7      -3.5      -5.4       57        48       -6.7     
   0         0         0         0         0         0       
   0.16      0.81      0.31     -9.2       1         2       
  -7.2       11        1        -23       -12        73      
  -4.4       7.5       3.9      -25       -38        37      
   0         0         0         0         0         0       
   0         0         0         0         0         0       
  -2.9       0.49      0.71      0.5      -30        22      
   0         0         0         0         0         0       
   0         0         0         0         0         0       

